Precision: 0.5734515097221521
Recall:    0.5677966101694916
F1 score:  0.5611851072656157
