Precision: 0.7246121804079286
Recall:    0.7245762711864406
F1 score:  0.7245812164010705
