Precision: 0.8902317668207499
Recall:    0.885593220338983
F1 score:  0.8851910404245432
