Precision: 0.712025374341039
Recall:    0.711864406779661
F1 score:  0.7117401657764757
